#O1-P010100020
cam_num: 1
img_topic_0: /camera/rgb
Tcl_0: [
-0.00051, -0.99999, -0.0044, 0.02417,
-0.00246, 0.00441, -0.99999, -0.00557,
1, -0.00049, -0.00247, -0.01118,
0, 0, 0, 1
]

cam_0:
  cam_model: FishPoly
  image_width: 1600  # 1920
  image_height: 1296  # 1080
  k2: -1.9996589441364134e-02
  k3: 5.4167551582250846e-02
  k4: -1.0779117804394185e-01
  k5: 7.3643058953280299e-02
  k6: -2.0630460045268712e-02
  k7: -5.2114247713780088e-04
  p1: 0.
  p2: 0.
  A11: 7.3452052071642651e+02
  A12: -4.2382541233457388e-01
  A22: 7.3440016518418883e+02
  u0: 8.0488579743837442e+02
  v0: 7.0165219310495444e+02
  isFast: 0
  numDiff: 3000
  maxIncidentAngle: 120
